0.7967 -0.365
0.8014 -0.399
0.8064 -0.365
0.8110 -0.334
0.8160 -0.329
0.8204 -0.317
0.8260 -0.318
0.8304 -0.295
0.8354 -0.290
0.8394 -0.265
0.8469 -0.273
0.8510 -0.272
0.8553 -0.254
0.8591 -0.212
0.8637 -0.204
0.8681 -0.211
0.8737 -0.183
0.8793 -0.171
0.8846 -0.164
0.8890 -0.071
0.8971  0.001
0.9018  0.017
0.9068 -0.009
0.9108  0.066
0.9171  0.074
0.9214  0.079
0.9258  0.128
0.9302  0.163
0.9342  0.190
0.9386  0.217
0.9457  0.259
0.9545  0.351
0.9585  0.364
0.9751  0.349
0.9791  0.314
0.9832  0.295
0.9875  0.293
0.9916  0.245
0.9966  0.193
0.0009  0.156
0.0065  0.072
0.0109  0.125
0.0159  0.041
0.0200  0.062
0.0246  0.010
0.0287 -0.041
0.0365 -0.050
0.0405 -0.158
0.0449 -0.135
0.0490 -0.137
0.0543 -0.157
0.0583 -0.221
0.0630 -0.212
0.0717 -0.284
0.0758 -0.305
0.0808 -0.285
0.0848 -0.328
0.0898 -0.299
0.0939 -0.319
0.0998 -0.334
0.1041 -0.356
0.1091 -0.400
0.1135 -0.358
0.1182 -0.398
0.1297 -0.405
0.1338 -0.446
0.1441 -0.491
0.1490 -0.442
0.1537 -0.477
0.1596 -0.467
0.1646 -0.483
0.1709 -0.464
0.1755 -0.470
0.1821 -0.463
0.1868 -0.532
0.1924 -0.539
0.1967 -0.534
0.2027 -0.549
0.2145 -0.514
0.2286 -0.505
0.2367 -0.507
0.2478 -0.520
0.2522 -0.524
0.2569 -0.505
0.2612 -0.509
0.2668 -0.509
0.2715 -0.442
0.2771 -0.422
0.2818 -0.462
0.2865 -0.460
0.2909 -0.448
0.2962 -0.443
0.3005 -0.448
0.3052 -0.418
0.3102 -0.417
0.3308 -0.350
0.3354 -0.359
0.3435 -0.340
0.3479 -0.312
0.3529 -0.312
0.3573 -0.303
0.3669 -0.243
0.3729 -0.238
0.3775 -0.195
0.3822 -0.206
0.3869 -0.167
0.3925 -0.139
0.3966 -0.151
0.4012 -0.135
0.4056 -0.119
0.4109 -0.085
0.4178 -0.045
0.4243 -0.019
0.4284  0.054
0.4333  0.040
0.4374  0.040
0.4446  0.094
0.4492  0.130
0.4539  0.167
0.4583  0.143
0.4648  0.148
0.4689  0.153
0.4742  0.132
0.4786  0.129
0.4854  0.099
0.4898  0.101
0.4945  0.069
0.4988  0.039
0.5035  0.000
0.5082  0.015
0.5135 -0.022
0.5185 -0.045
0.5316 -0.105
0.5378 -0.137
0.5503 -0.178
0.5543 -0.177
0.5606 -0.190
0.5646 -0.184
0.5699 -0.244
0.5740 -0.236
0.5802 -0.243
0.5849 -0.296
0.5899 -0.286
0.5942 -0.276
0.5986 -0.284
0.6027 -0.343
0.6083 -0.331
0.6120 -0.369
0.6173 -0.359
0.6214 -0.361
0.6260 -0.375
0.6298 -0.360
0.6532 -0.414
0.6591 -0.410
0.6631 -0.433
0.6678 -0.433
0.6725 -0.464
0.6772 -0.441
0.6812 -0.450
0.6859 -0.442
0.6903 -0.448
0.6946 -0.444
0.6990 -0.475
0.7037 -0.452
0.7093 -0.493
0.7146 -0.456
0.7190 -0.463
0.7383 -0.440
0.7489 -0.449
0.7592 -0.413
0.7760 -0.401
0.7813 -0.393
0.7866 -0.394
0.7907 -0.424
0.7991 -0.412
0.8041 -0.361
0.8113 -0.351
0.8172 -0.359
0.8231 -0.317
0.8278 -0.325
0.8325 -0.288
0.8371 -0.272
0.8431 -0.279
0.8474 -0.240
0.8527 -0.218
0.8574 -0.237
0.8630 -0.184
0.8674 -0.179
0.8730 -0.154
0.8770 -0.167
0.8845 -0.115
0.8898 -0.072
0.8958 -0.040
0.9004 -0.041
0.9060 -0.001
0.9117  0.037
0.9170  0.049
0.9213  0.114
0.9300  0.164
0.9350  0.174
0.9413  0.260
0.9463  0.311
0.9519  0.312
0.9572  0.334
0.9634  0.341
0.9678  0.325
0.9746  0.295
0.9796  0.285
0.9902  0.231
0.9999  0.140
0.0039  0.158
0.0092  0.118
0.0139  0.088
0.0186  0.040
0.0227  0.022
0.0280 -0.056
0.0323 -0.077
0.0379 -0.126
0.0423 -0.102
0.0476 -0.118
0.0523 -0.168
0.0576 -0.201
0.0685 -0.249
0.0735 -0.248
0.0797 -0.277
0.0850 -0.332
0.0906 -0.349
0.0956 -0.292
0.1043 -0.330
0.1090 -0.376
0.1153 -0.392
0.1209 -0.432
0.1271 -0.422
0.1321 -0.438

